Loading data...
Loaded 373 instances; using top 20 SHAP-ranked features
  Seed  0/50: test_size=75, accuracy=0.427
  Seed  1/50: test_size=75, accuracy=0.413
  Seed  2/50: test_size=74, accuracy=0.405
  Seed  3/50: test_size=75, accuracy=0.440
  Seed  4/50: test_size=75, accuracy=0.400
  Seed  5/50: test_size=74, accuracy=0.419
  Seed  6/50: test_size=77, accuracy=0.481
  Seed  7/50: test_size=73, accuracy=0.342
  Seed  8/50: test_size=74, accuracy=0.459
  Seed  9/50: test_size=76, accuracy=0.342
  Seed 10/50: test_size=74, accuracy=0.459
  Seed 11/50: test_size=73, accuracy=0.411
  Seed 12/50: test_size=74, accuracy=0.419
  Seed 13/50: test_size=75, accuracy=0.373
  Seed 14/50: test_size=73, accuracy=0.507
  Seed 15/50: test_size=74, accuracy=0.392
  Seed 16/50: test_size=73, accuracy=0.370
  Seed 17/50: test_size=73, accuracy=0.438
  Seed 18/50: test_size=74, accuracy=0.459
  Seed 19/50: test_size=73, accuracy=0.397
  Seed 20/50: test_size=73, accuracy=0.411
  Seed 21/50: test_size=74, accuracy=0.419
  Seed 22/50: test_size=74, accuracy=0.338
  Seed 23/50: test_size=74, accuracy=0.378
  Seed 24/50: test_size=73, accuracy=0.384
  Seed 25/50: test_size=76, accuracy=0.487
  Seed 26/50: test_size=74, accuracy=0.405
  Seed 27/50: test_size=74, accuracy=0.500
  Seed 28/50: test_size=77, accuracy=0.455
  Seed 29/50: test_size=74, accuracy=0.459
  Seed 30/50: test_size=74, accuracy=0.500
  Seed 31/50: test_size=75, accuracy=0.413
  Seed 32/50: test_size=75, accuracy=0.400
  Seed 33/50: test_size=76, accuracy=0.342
  Seed 34/50: test_size=73, accuracy=0.397
  Seed 35/50: test_size=76, accuracy=0.526
  Seed 36/50: test_size=73, accuracy=0.301
  Seed 37/50: test_size=74, accuracy=0.405
  Seed 38/50: test_size=76, accuracy=0.500
  Seed 39/50: test_size=74, accuracy=0.392
  Seed 40/50: test_size=74, accuracy=0.419
  Seed 41/50: test_size=74, accuracy=0.419
  Seed 42/50: test_size=73, accuracy=0.288
  Seed 43/50: test_size=74, accuracy=0.514
  Seed 44/50: test_size=74, accuracy=0.459
  Seed 45/50: test_size=75, accuracy=0.360
  Seed 46/50: test_size=76, accuracy=0.461
  Seed 47/50: test_size=76, accuracy=0.461
  Seed 48/50: test_size=73, accuracy=0.384
  Seed 49/50: test_size=73, accuracy=0.384

Accumulated confusion matrix (total across 50 seeds):
[[496. 381. 173.]
 [403. 545. 344.]
 [331. 528. 514.]]

Row-normalized proportions:
[[0.47238095 0.36285714 0.1647619 ]
 [0.3119195  0.42182663 0.26625387]
 [0.24107793 0.38455936 0.37436271]]

Average counts per seed:
[[ 9.92  7.62  3.46]
 [ 8.06 10.9   6.88]
 [ 6.62 10.56 10.28]]

Figure saved to: C:\Users\jonwi\Documents\Projects\CoachingProject\figures\confusion_matrix_50seed.png
